articles/custom-article/custom-article.qmd
  h_d36ca8649a0e95 2,5-6,13,15-19,21-24,26,28-139
data/caracas_contributions.csv
  h_d36ca8649a0e95 1-105
data/caracas_raw.csv
  h_d36ca8649a0e95 1-105
data/valencia_contributions.csv
  h_d36ca8649a0e95 1-105
data/valencia_raw.csv
  h_d36ca8649a0e95 1-105
docs/about.html.md
  h_d36ca8649a0e95 3-4,7-8,25-26,79-82,118-125,159-162,198-208,242-245,279-281,305,315,493,513
docs/articles.html.md
  h_d36ca8649a0e95 3-4,7-8,25-26,253-259
docs/articles/alchemize_pytensor_mlx_gemma_3n/alchemize_pytensor_mlx_gemma_3n.html.md
  h_d36ca8649a0e95 3-4,11-12,15,17,19,21,23,123-124,143-145,272,295-298,300-301,344-347,379,609-614,650-661,669-670
docs/articles/baby_steps_for_causal_discovery/baby_steps_for_causal_discovery.html.md
  h_d36ca8649a0e95 3-4,11-12,15,17,19,21,23,147-148,236-239,282-284,340,342,398-400,416,443-445,463,467,471,590-592,610,612,643-645,811-830,832,834,836,838,840,842,844,846,848,850,852,854,856,858,860,862-865,867,869,871,873,875,877,879,881,883,885,887,889,891,893,895,897,899,901,903,905,907,909,911,913,915,917,919,921,923,925,927,929,931,933,935,937,939,941,943,945,947,949,951,953,955,957,959,961,963,965,967,969,971,973,975,977,979,981,983,985,987,989,991,993,995,997,999,1001,1003,1005,1007,1009,1011-1023,1025,1027,1029,1031,1033,1035,1037,1039,1041,1043,1045,1047,1049,1051,1053,1055-1062,1064,1066,1068,1070-1072,1074,1076,1078,1080,1082,1084,1086-1107,1109,1111,1113,1115,1117,1119,1121-1122,1124-1125,1127-1128,1130-1131,1133,1218-1220,1267-1269,1513-1515,1541,1723-1725,1733,1735,1737,1739,1741,1867-1869,1877,2118-2120,2128,2183-2185,2201,2203,2503,2562-2564,2861-2862,2944-2946,2962-2964,2968,2974-2976,3146-3148,3241-3248,3279-3281,3355-3357
docs/articles/bayesian_models_and_risk_optimization/bayesian_models_and_risk_optimization.html.md
  h_d36ca8649a0e95 3-4,11-12,15,17,19,21,23,135-136,224,228-233,265-267,363-365,436-438,493-499,569-575,616-618,649-655,681-683,715-721,893,895,897-898,900,902,904,906,908,910,912,914,916,918,920,922,924,926,928,930,932,934,936,938,940,942,944-970,972,974,976,978,980,982,984,986,988,990,992,994,996,998,1000,1002,1004,1006,1008,1010,1012,1014,1016,1018,1020,1022-1024,1026,1028,1030-1046,1048,1050,1052,1054,1056,1058,1060,1062,1064,1066,1068,1070,1072,1074,1076,1078,1080,1082,1084,1086,1088,1090,1092,1094,1096,1098,1100,1102,1104,1106,1108,1110,1112,1114,1116-1128,1130,1132,1134,1136,1138,1140,1142,1144,1146,1148,1150,1152,1154,1156,1158,1160,1162-1174,1176,1178,1180,1182,1184,1186,1188,1190,1192,1194,1196,1198,1200,1202,1204,1206-1219,1221,1223,1225,1227-1229,1231,1233,1235,1237,1239,1241,1243-1264,1266,1268,1270,1272,1274,1276,1278-1279,1281-1282,1284-1285,1287-1288,1290,1352-1354,1420-1422,1440,1442,1446,1448,1452-1453,1463,1467,1469,1471,1473,1477,1499-1500,1502,1526,1619-1621,1659-1661,1721-1723,1764-1766,1774,1842-1844,1875-1877,1972-1974,2129-2131,2213-2215,2389-2391,2401,2489-2491,2542-2544,2688-2690,2746-2748,2756,2800-2802,2842-2847,2855,2871-2872
docs/articles/custom-article/custom-article.html
  h_d36ca8649a0e95 1-1471
docs/articles/custom-article/custom-article.html.md
  h_d36ca8649a0e95 1-449
docs/articles/decision_making_under_contradictions/decision_making_under_contradictions.html.md
  h_d36ca8649a0e95 3-4,11-12,15,17,19,21,23,129-130,155-160,170-174,292,296-297,328,538,580-582,630-632,736-738,815,817,905-907,1099-1101,1149-1151,1153,1157,1163,1302-1304,1314-1317,1327,1331,1484-1486,1565-1567,1637-1639,1720-1723,1735,1739,1745-1747,1749-1750,1760-1762,1770
docs/articles/from_experiments_to_priors/from_experiments_to_priors.html.md
  h_d36ca8649a0e95 3-4,11-12,15,17,19,21,23,135-136,171,173,183-187,203,207-209,217,221-222,294-295,402-404,414,418-419,552-554,600-604,649-651,781-783,811,835,855,859,961,963,1020-1022,1030,1050,1056,1106,1160-1162,1170,1219-1221,1323-1325,1408-1410,1426,1494,1536-1539,1581-1583,1638-1640,1748-1750,1826-1831,1918-1920,2013-2015,2023,2125-2127,2190
docs/articles/nomore_experiments_without_causality/nomore_experiments_without_causality.html.md
  h_d36ca8649a0e95 3-4,11-12,15,17,19,21,23,135-136,157-159,173,177-181,183,185,189-191,193,195,199-201,217,219,369-371,452-454,464,466,533-535,582-584,700-702,757-759,921-923,931,933,998-1000,1043-1049,1179-1181,1297,1299,1301-1302,1304,1306,1308,1310,1312,1314,1316,1318,1320,1322,1324,1326,1328,1330,1332,1334,1336,1338,1340,1342,1344,1346,1348-1351,1353,1355,1357,1359,1361,1363,1365,1367,1369,1371,1373,1375,1377,1379,1381,1383,1385,1387,1389,1391,1393,1395,1397,1399,1401,1403,1405,1407,1409,1411,1413,1415,1417,1419,1421,1423,1425,1427,1429,1431,1433,1435,1437,1439,1441,1443,1445,1447,1449,1451,1453,1455,1457,1459,1461,1463,1465,1467,1469,1471,1473,1475,1477,1479,1481,1483,1485,1487,1489,1491,1493,1495,1497-1509,1511,1513,1515,1517,1519,1521,1523,1525,1527,1529,1531,1533,1535,1537,1539,1541-1548,1550,1552,1554,1556-1558,1560,1562,1564,1566,1568,1570,1572-1593,1595,1597-1619,1667-1682,1796-1798,1884-1886,1937-1939,2003-2005,2033,2150,2152,2154-2156,2158,2160,2162,2164,2166,2168,2170,2172,2174,2176,2178,2180,2182,2184,2186,2188,2190,2192,2194,2196,2198,2200,2202,2204,2206,2208,2210,2212,2214,2216,2218,2220,2222,2224,2226,2228,2230,2232,2234,2236-2239,2241,2243,2245,2247,2249,2251,2253,2255,2257,2259,2261,2263,2265,2267,2269,2271,2273,2275,2277,2279,2281,2283,2285,2287,2289,2291,2293,2295,2297,2299,2301,2303,2305,2307,2309,2311,2313,2315,2317,2319,2321,2323,2325,2327,2329,2331,2333,2335,2337,2339,2341,2343,2345,2347,2349,2351,2353,2355,2357,2359,2361,2363,2365,2367,2369,2371,2373,2375,2377,2379,2381,2383,2385-2386,2388,2390,2392,2394,2396,2398,2400,2402,2404,2406,2408,2410,2412-2414,2416,2418,2420-2432,2434,2436,2438,2440,2442,2444-2460,2462,2464,2466,2468,2470,2472,2474,2476,2478,2480,2482,2484,2486-2493,2495,2497,2499,2501-2503,2505,2507,2509,2511,2513,2515,2517-2538,2540,2542,2544,2546,2548,2550,2552-2553,2555-2556,2558-2559,2561-2562,2564,2642-2644,2698-2700,2759-2761,2819-2821,2835-2837,2871,2986-3005,3007,3009,3011,3013,3015,3017,3019,3021,3023,3025,3027,3029,3031,3033,3035,3037-3040,3042,3044,3046,3048,3050,3052,3054,3056,3058,3060,3062,3064,3066,3068,3070,3072,3074,3076,3078,3080,3082,3084,3086,3088,3090,3092,3094,3096,3098,3100,3102,3104,3106,3108,3110,3112,3114,3116,3118,3120,3122,3124,3126,3128,3130,3132,3134,3136,3138,3140,3142,3144,3146,3148,3150,3152,3154,3156,3158,3160,3162,3164,3166,3168,3170,3172,3174,3176,3178,3180,3182,3184,3186-3198,3200,3202,3204,3206,3208,3210,3212,3214,3216,3218,3220,3222,3224,3226,3228,3230-3237,3239,3241,3243,3245-3247,3249,3251,3253,3255,3257,3259,3261-3282,3284,3286,3288,3290,3292,3294,3296-3297,3299-3300,3302-3303,3305-3306,3308,3414-3416,3436-3438
docs/articles/placebo_bayesian_quasi_experiments/placebo_bayesian_quasi_experiments.html.md
  h_d36ca8649a0e95 3-4,11-12,15,17,19,21,23,113-114,129-131,358-360,374,457-459,485-486,490-491,822-824,893-895,903,917,919,923,925-926,928,932,1036-1038,1137-1139,1157,1159-1162,1210-1212,1250-1252,1363-1365,1373-1378,1546-1548,1568,1575,1683-1685,1701,1833-1835,1843,1857,1875,1960-1962,1972-1973,2127-2129,2147,2149
docs/diary.html.md
  h_d36ca8649a0e95 3-4,7-8,25-26,37,101
docs/diary/2026-07-05.html.md
  h_d36ca8649a0e95 3-4,11-12,89-90
docs/diary/2026-07-06.html.md
  h_d36ca8649a0e95 3-4,11-12,89-90
docs/index.html.md
  h_d36ca8649a0e95 1-4,23,79
docs/search.json
  h_d36ca8649a0e95 365-427
docs/sitemap.xml
  h_d36ca8649a0e95 51-54
docs/talks.html.md
  h_d36ca8649a0e95 3-4,7-8,25-26,45,57,69,81,93,105,117,129,141,203
---
{
  "schema_version": "authorship/3.0.0",
  "git_ai_version": "1.6.21",
  "base_commit_sha": "a20d848b3264e87ec45bf80c6dd04cce2ecd0814",
  "prompts": {},
  "humans": {
    "h_d36ca8649a0e95": {
      "author": "Carlos Trujillo <carlangastr@gmail.com>"
    }
  }
}