_freeze/articles/cross_city_media_spillovers/cross_city_media_spillovers/execute-results/html.json
  h_d36ca8649a0e95 2,5,15
_freeze/articles/cross_city_media_spillovers/cross_city_media_spillovers/figure-html/fig-pymc-dependency-graph-output-1.svg
  h_d36ca8649a0e95 4,8,14,17-19,22-26,29,31,34,37-39,44,49-54,59,61,63-67,70,73-75,77-79,87-89,92,97,99-103,105-108,111,113-117,119,121-122,125,127-131,133-137,139-145,147-151,153-159,161-173,176,179-181,183,185-201,204,207-217,220,225-229,232,235-237,240,245-251,253-259,261-265,267-273,275,277-279,285-287,290,295-299,302,305-307,315-319,322
_freeze/articles/cross_city_media_spillovers/cross_city_media_spillovers/figure-html/fig-route-map-output-1.svg
  h_d36ca8649a0e95 1,7,13-14,26-27,34,40,51-53,59-60,72,77-79,91,103
docs/about.html.md
  h_d36ca8649a0e95 73-76,112-119,153-156,192-202,236-239,273-275,299,309,487,507
docs/articles.html.md
  h_d36ca8649a0e95 277-284
docs/articles/alchemize_pytensor_mlx_gemma_3n/alchemize_pytensor_mlx_gemma_3n.html.md
  h_d36ca8649a0e95 11,13,15,17,19,137-139,266,289-292,294-295,338-341,373,603-608,644-655,663-664
docs/articles/baby_steps_for_causal_discovery/baby_steps_for_causal_discovery.html.md
  h_d36ca8649a0e95 11,13,15,17,19,230-233,276,332,334,390,406,433,451,455,459,578,596,598,629,795-796,798-799,801,803,805-807,809,811,813,815,817,819,821,823,825,827,829,831,833,835,837,839,841,843-846,848,850,852,854,856,858,860,862,864,866,868,870,872,874,876,878,880,882,884,886,888,890,892,894,896,898,900,902,904,906,908,910,912,914,916,918,920,922,924,926,928,930,932,934,936,938,940,942,944,946,948,950,952-954,956,958,960,962,964,966,968,970,972,974,976,978,980,982,984,986,988,990-1002,1004,1006-1008,1010,1012,1014,1016,1018,1020,1022,1024,1026,1028,1030,1032-1039,1041,1043,1045,1047-1049,1051,1053,1055,1057,1059,1061,1063-1084,1086,1088-1090,1092,1094,1096-1097,1099-1100,1102-1103,1105-1106,1108,1193,1240,1484,1510,1692,1700,1702,1704,1706,1708,1834,1842,2083,2091,2146,2162,2164,2464,2523,2820-2821,2903,2919-2921,2925,2931-2933,3103,3196-3203,3234,3308
docs/articles/bayesian_models_and_risk_optimization/bayesian_models_and_risk_optimization.html.md
  h_d36ca8649a0e95 11,13,15,17,19,218,222-227,259,355,426,481-487,557-563,604,635-641,667,699-705,877-878,880-881,883,885,887-889,891,893,895,897,899,901,903,905,907,909,911,913,915,917,919,921,923,925-951,953,955,957,959,961,963,965,967,969,971,973,975,977,979,981,983,985,987,989,991,993,995,997,999,1001,1003,1005,1007,1009,1011,1013,1015,1017,1019,1021,1023,1025,1027,1029,1031,1033,1035,1037,1039,1041,1043,1045,1047,1049,1051,1053,1055,1057-1059,1061,1063,1065,1067,1069,1071,1073,1075,1077,1079,1081,1083,1085,1087,1089,1091,1093,1095-1107,1109,1111,1113,1115,1117,1119,1121,1123,1125,1127,1129,1131,1133,1135,1137,1139,1141-1153,1155,1157-1159,1161,1163,1165,1167,1169,1171,1173,1175,1177,1179,1181,1183-1196,1198,1200,1202,1204-1206,1208,1210,1212,1214,1216,1218,1220-1241,1243,1245-1247,1249,1251,1253-1254,1256-1257,1259-1260,1262-1263,1265,1327,1393,1411,1413,1417,1419,1423-1424,1434,1438,1440,1442,1444,1448,1470-1471,1473,1497,1590,1628,1688,1729,1737,1805,1836,1931,2086,2168,2342,2352,2440,2491,2635,2691,2699,2743,2783-2788,2796,2812-2813
docs/articles/cross_city_media_spillovers/cross_city_media_spillovers.html
  h_d36ca8649a0e95 252,260,334,345,365,383,418,494,603,606,609,614,616,619-620,623-625,630-632,635-637,640-642,645-647,650-652,655-657,660-662,665-667,670-672,675-677,680-682,685-687,690-692,695-697,700-702,712-713,734,737,740,745,747,750-751,754-761,766-773,776-783,786-793,796-803,870,886,1140,1239,1353,1375,1446,1450,1472,1475,1478,1483,1485,1488-1489,1492-1493,1498-1499,1502-1503,1506-1507,1510-1511,1553-1555,1572,1579,1592-1613,1617,1620,1623,1628,1630,1633-1634,1637-1640,1645-1648,1651-1654,1657-1660,1663-1666,1675-1676,1703,1706,1709,1714,1716,1719-1720,1723-1724,1729-1730,1733-1734,1737-1738,1750-1751,1801,1804,1807,1812,1814,1817-1818,1821-1825,1830-1834,1837-1841,1844-1848,1851-1855,1858-1862,1865-1869,1913,1956,1959,1962,1967,1969,1972-1973,1976-1980,1985-1989,1992-1996,1999-2003,2052,2091,2094,2097,2102,2104,2107-2108,2111-2115,2120-2124,2127-2131,2184-2185,2214,2225,2247,2254,2289,2778,2789,3030,3106,3124,3711,3742-4083
docs/articles/cross_city_media_spillovers/cross_city_media_spillovers.html.md
  h_d36ca8649a0e95 11,13,15,17,19,117,139-143,175,193-195,205,250,337,453-477,487,489,517-530,540,542,586,596,602,606,610-614,777,865,873,875-877,889,963,1006,1013,1015,1017,1128,1138,1169,1249,1257,1286-1297,1332,1352,1354,1356,1391,1408,1416,1419-1421,1427-1429,1436-1459,1493-1503,1519,1521,1578-1593,1630,1646,1696-1708,1749,1767,1813-1822,1865,1891,1893,1895,1907-1911,1921,1941,1957-1961,1980,1988,2003
docs/articles/cross_city_media_spillovers/cross_city_media_spillovers_files/figure-html/fig-pymc-dependency-graph-output-1.svg
  h_d36ca8649a0e95 4,8,14,17-19,22-26,29,31,34,37-39,44,49-54,59,61,63-67,70,73-75,77-79,87-89,92,97,99-103,105-108,111,113-117,119,121-122,125,127-131,133-137,139-145,147-151,153-159,161-173,176,179-181,183,185-201,204,207-217,220,225-229,232,235-237,240,245-251,253-259,261-265,267-273,275,277-279,285-287,290,295-299,302,305-307,315-319,322
docs/articles/cross_city_media_spillovers/cross_city_media_spillovers_files/figure-html/fig-route-map-output-1.svg
  h_d36ca8649a0e95 1,7,13-14,26-27,34,40,51-53,59-60,72,77-79,91,103
docs/articles/decision_making_under_contradictions/decision_making_under_contradictions.html.md
  h_d36ca8649a0e95 11,13,15,17,19,149-154,164-168,286,290-291,322,532,574,622,726,803,805,893,1085,1133-1135,1137,1141,1147,1286,1296-1299,1309,1313,1466,1545,1615,1696-1699,1711,1715,1721-1723,1725-1726,1736-1738,1746
docs/articles/from_experiments_to_priors/from_experiments_to_priors.html.md
  h_d36ca8649a0e95 11,13,15,17,19,165,167,177-181,197,201-203,214-215,287-288,395-397,407,411-412,545,591-595,640,770-772,800,824,844,848,950,952,1009,1017,1037,1043,1093,1147,1155,1204,1306,1389,1405,1473,1515-1518,1560,1615,1723,1799-1804,1891,1984,1992,2094,2157
docs/articles/nomore_experiments_without_causality/nomore_experiments_without_causality.html.md
  h_d36ca8649a0e95 11,13,15,17,19,151-153,167,171-175,177,179,183-185,187,189,193-195,211,213,363,444,454,456,523,570,686,741,903,911,913,978,1021-1027,1157,1273-1274,1276-1277,1279,1281,1283-1285,1287,1289,1291,1293,1295,1297,1299,1301,1303,1305,1307,1309,1311,1313,1315,1317,1319,1321-1324,1326,1328,1330,1332,1334,1336,1338,1340,1342,1344,1346,1348,1350,1352,1354,1356,1358,1360,1362,1364,1366,1368,1370,1372,1374,1376,1378,1380,1382,1384,1386,1388,1390,1392,1394,1396,1398,1400,1402,1404,1406,1408,1410,1412,1414,1416,1418,1420,1422,1424,1426,1428,1430-1432,1434,1436,1438,1440,1442,1444,1446,1448,1450,1452,1454,1456,1458,1460,1462,1464,1466,1468-1480,1482,1484-1486,1488,1490,1492,1494,1496,1498,1500,1502,1504,1506,1508,1510-1517,1519,1521,1523,1525-1527,1529,1531,1533,1535,1537,1539,1541-1562,1564,1566-1568,1570,1572,1574-1575,1577-1578,1580-1581,1583-1584,1586,1634-1649,1763,1849,1900,1964,1992,2109-2110,2112-2114,2116,2118,2120-2122,2124,2126,2128,2130,2132,2134,2136,2138,2140,2142,2144,2146,2148,2150,2152,2154,2156,2158,2160,2162,2164,2166,2168,2170,2172,2174,2176,2178,2180,2182,2184,2186,2188,2190,2192-2195,2197,2199,2201,2203,2205,2207,2209,2211,2213,2215,2217,2219,2221,2223,2225,2227,2229,2231,2233,2235,2237,2239,2241,2243,2245,2247,2249,2251,2253,2255,2257,2259,2261,2263,2265,2267,2269,2271,2273,2275,2277,2279,2281,2283,2285,2287,2289,2291,2293,2295,2297,2299,2301-2303,2305,2307,2309,2311,2313,2315,2317,2319,2321,2323,2325,2327,2329,2331,2333,2335,2337,2339-2340,2342,2344,2346,2348,2350,2352,2354,2356,2358,2360,2362,2364,2366,2368,2370,2372,2374-2386,2388,2390-2392,2394,2396,2398,2400,2402,2404,2406,2408,2410,2412,2414,2416,2418,2420,2422,2424,2426,2428,2430,2432,2434,2436,2438-2445,2447,2449,2451,2453-2455,2457,2459,2461,2463,2465,2467,2469-2490,2492,2494-2496,2498,2500,2502-2503,2505-2506,2508-2509,2511-2512,2514,2592,2646,2705,2763,2777-2779,2813,2928-2929,2931-2932,2934,2936,2938-2940,2942,2944,2946,2948,2950,2952,2954,2956,2958,2960,2962,2964,2966,2968,2970,2972,2974,2976-2979,2981,2983,2985,2987,2989,2991,2993,2995,2997,2999,3001,3003,3005,3007,3009,3011,3013,3015,3017,3019,3021,3023,3025,3027,3029,3031,3033,3035,3037,3039,3041,3043,3045,3047,3049,3051,3053,3055,3057,3059,3061,3063,3065,3067,3069,3071,3073,3075,3077,3079,3081,3083,3085-3087,3089,3091,3093,3095,3097,3099,3101,3103,3105,3107,3109,3111,3113,3115,3117,3119,3121,3123-3135,3137,3139-3141,3143,3145,3147,3149,3151,3153,3155,3157,3159,3161,3163,3165-3172,3174,3176,3178,3180-3182,3184,3186,3188,3190,3192,3194,3196-3217,3219,3221-3223,3225,3227,3229-3230,3232-3233,3235-3236,3238-3239,3241,3347,3367-3369
docs/articles/placebo_bayesian_quasi_experiments/placebo_bayesian_quasi_experiments.html.md
  h_d36ca8649a0e95 11,13,15,17,19,123-125,352,366,449,475-476,480-481,812,881,889,903,905,909,911-912,914,918,1022,1121,1139,1141-1144,1192,1230-1232,1343,1351-1356,1524,1544,1551,1659,1675,1807,1815,1829,1847,1932,1942-1943,2097,2115,2117
docs/diary.html.md
  h_d36ca8649a0e95 31,107,171
docs/diary/2026-08-09.html.md
  h_d36ca8649a0e95 125,141,157,187,203,223-225
docs/index.html.md
  h_d36ca8649a0e95 19,75
docs/search.json
  h_d36ca8649a0e95 231,252,266,308,315,596-609
docs/sitemap.xml
  h_d36ca8649a0e95 25
docs/talks.html.md
  h_d36ca8649a0e95 39,51,63,75,87,99,111,123,135,197
sitemap.xml
  h_d36ca8649a0e95 5,11,17,23,29,35,41,47,53,59,65,71,77,83,89,95
---
{
  "schema_version": "authorship/3.0.0",
  "git_ai_version": "1.6.21",
  "base_commit_sha": "e48c7cf40cb646a42ee87d7708ea4d2b2c65c7a8",
  "prompts": {},
  "humans": {
    "h_d36ca8649a0e95": {
      "author": "Carlos Trujillo <carlangastr@gmail.com>"
    }
  }
}